
2.19 3.05 -2.86 -0.22 2.59 2.52
-1.26 1.19 1.64 -2.89 -1.16 -2.15
-1.51 0.09 2.29 -2.67 1.56 -2.19
-0.23 -1.50 -1.04 1.61 -0.71 0.59
-1.76 2.68 -1.08 1.81 0.43 0.13
0.49 2.93 2.60 -1.57 1.00 -2.81
-2.58 2.11 -2.36 -1.78 -0.77 2.93
-0.80 2.67 2.58 -0.23 1.84 -0.22
2.13 -1.82 -0.08 1.18 0.11 -2.32
0.56 -1.05 -2.76 -0.33 0.79 -1.67
-0.11 -0.59 -1.16 -1.73 1.24 2.59
1.46 0.78 -2.66 1.85 2.66 -1.16
-3.07 2.08 2.46 -1.32 0.46 -2.63
0.81 -2.00 1.77 0.68 1.17 0.58
2.25 -2.54 2.21 3.06 -1.63 2.12
1.35 0.29 0.98 1.04 2.59 2.59
-0.45 0.03 1.37 0.39 -0.94 0.22
2.42 2.14 -3.12 2.79 1.32 -2.94
-0.45 -2.82 2.82 -2.02 2.29 0.21
-1.10 2.10 -2.95 0.03 -0.72 -1.32
3.10 2.44 -1.81 1.40 -2.10 -2.74
-2.21 1.12 2.86 -2.59 1.30 -2.37
2.37 -2.77 -0.34 0.46 2.23 2.81
-2.23 1.13 -2.25 1.63 -0.29 0.11
-2.30 -2.20 -2.54 1.93 1.33 -1.58
0.42 -1.11 -1.76 -1.79 2.16 -1.12
-2.61 1.95 -1.58 1.49 1.99 2.91
1.25 -0.08 2.65 -0.18 -2.10 -2.73
1.53 2.15 -0.76 1.28 1.27 -1.99
2.20 -0.35 -1.90 0.45 -1.52 -1.99
-2.06 0.94 2.61 1.73 0.05 -0.17
0.15 1.24 1.97 0.40 0.11 0.88
2.16 0.02 -1.37 2.27 -1.62 -0.21
-1.32 1.19 -1.99 -0.57 1.17 -1.37
1.19 2.19 2.71 2.37 1.89 -1.51
2.95 -2.46 1.14 -2.43 -0.76 -0.80
-2.44 1.99 0.34 0.25 -0.36 1.75
-0.55 -2.36 -0.83 -1.90 -3.14 -0.20
2.16 -2.65 -3.02 -0.87 0.98 -0.78
0.93 -2.14 2.46 -0.80 -3.13 -1.72
-2.73 -0.21 1.81 -2.35 -2.14 2.14
-2.44 0.09 -2.79 -2.86 2.16 0.81
0.10 2.67 1.17 3.11 1.07 2.18
-1.58 0.31 -2.28 2.76 0.77 1.45
-1.93 2.36 1.01 1.19 3.06 0.09
0.57 1.70 -3.13 -3.02 1.72 1.00
1.36 -2.93 -1.87 0.65 0.50 2.99
-1.49 -0.99 -1.56 -2.06 -0.19 1.17
2.02 1.45 1.93 2.36 0.99 2.84
2.49 -1.03 1.13 -1.99 0.01 2.96
-1.51 -1.83 -1.13 0.49 0.95 -2.00
0.63 1.58 -2.39 2.96 -2.65 -2.61
-0.11 -1.29 2.52 -0.60 0.33 -1.08
-2.67 0.11 -2.55 2.76 -0.58 1.63
-2.36 1.10 1.25 -3.04 -0.87 -1.15
2.78 -2.57 2.17 1.94 -1.12 0.48
1.09 -0.53 2.94 -0.26 2.87 0.20
1.70 3.03 -1.41 -2.80 2.46 0.54
1.11 -0.10 0.46 -2.89 1.53 2.32
-0.45 -1.67 -0.45 -1.31 -2.76 1.52
1.78 3.12 -1.64 -0.24 1.09 -1.97
2.99 -2.10 -2.97 -0.53 1.05 2.11
0.74 0.84 1.18 -1.77 -2.82 -2.82
-1.63 -3.09 3.01 -1.78 -2.49 3.05
1.76 2.37 -1.66 1.80 -0.91 1.54
0.65 0.90 -1.52 2.84 0.68 -3.07
-0.61 0.77 -2.59 -1.50 -2.18 0.82
0.12 1.73 -1.40 0.69 -0.25 -2.14
-2.58 -2.59 2.79 0.47 2.27 2.37
0.53 -1.21 1.91 -1.86 -2.25 2.58
-2.66 -0.91 1.57 -2.89 1.41 2.05
1.78 3.13 -1.59 -1.60 -0.45 2.08
1.74 -0.25 1.58 -0.65 2.68 -1.79
-0.16 -0.43 1.59 -2.98 -2.78 2.71
1.83 -0.82 1.31 -2.63 -1.68 -0.58
2.95 -1.43 1.68 0.09 1.28 2.46
-2.34 -0.80 -0.43 -1.49 -2.30 1.79
1.47 -1.65 -0.50 -1.08 0.98 0.98
0.44 -2.08 -1.30 -0.86 2.76 1.97
2.92 2.00 -3.06 0.20 0.33 -2.43
3.02 -1.26 -1.43 -0.69 -1.86 -2.10
-3.04 -0.45 0.13 2.62 2.93 2.32
-0.51 -2.59 2.48 -2.12 -2.22 -2.50
-2.64 2.70 1.42 1.47 -2.95 -2.82
-0.70 -0.70 2.07 0.83 2.35 -0.23
0.42 0.28 3.14 -2.90 3.01 -0.05
1.32 2.16 -3.02 -1.59 2.08 -1.62
-0.51 -2.50 -0.97 -0.90 -2.97 0.03
0.99 -0.61 0.29 -2.34 1.93 -2.52
-0.94 -0.85 -3.10 0.99 1.23 1.82
-0.52 -2.71 2.83 0.14 2.33 1.46
-1.72 -0.22 -0.11 0.60 0.15 1.69
-2.61 -2.71 -0.28 -2.49 1.39 -0.86
-2.43 2.38 1.89 -1.44 -2.77 1.18
0.33 0.79 -2.38 2.09 -0.28 -0.86
-0.52 -3.06 1.31 -1.07 0.19 -3.02
3.01 -2.94 -1.62 2.54 1.94 2.09
-0.15 -0.97 2.26 0.84 0.96 -1.57
1.21 -2.72 2.50 -1.81 -2.54 1.90
1.26 -1.17 1.92 -2.04 -2.89 -1.90
-0.18 0.73 -2.56 1.18 -2.29 -2.64
-0.95 0.26 1.82 0.73 0.58 -1.93
0.28 1.97 -1.61 2.28 -0.03 -1.42
-3.00 -2.41 -1.87 1.66 -1.84 -2.41
0.70 -2.11 2.04 0.01 -0.64 -2.35
3.07 -1.41 -0.58 -2.84 1.10 0.48
0.69 -2.18 2.07 -2.64 3.03 0.17
0.24 3.10 0.45 1.77 1.90 -1.70
2.85 2.54 2.50 0.41 2.05 -0.06
2.52 -0.58 -3.08 0.33 0.27 2.63
-3.07 2.09 -1.04 -2.11 -0.80 3.02
2.88 1.34 1.39 2.94 1.22 -0.76
-0.48 2.20 1.31 2.28 0.18 -2.22
1.77 -2.29 1.15 -2.22 -2.47 2.62
0.51 -3.09 -1.58 0.00 -1.14 -1.23
-2.64 -1.37 -1.08 0.59 0.04 2.20
2.98 -1.39 -2.87 -0.40 -2.75 3.06
-1.05 -0.73 -0.77 -0.28 -2.02 1.80
2.17 0.60 -1.70 1.40 -1.70 -0.74
-1.68 0.14 1.57 2.52 -0.48 -2.28
2.10 0.44 0.60 2.31 1.90 2.33
-1.05 -2.93 1.38 -1.51 -2.51 -2.93
-0.82 2.37 -2.06 -0.66 1.97 -1.02
0.78 -0.92 -0.10 0.01 2.67 -2.94
1.25 1.99 -1.71 1.90 -2.32 -0.91
1.17 2.96 -2.08 -1.78 2.24 -0.46
-0.75 -0.95 0.60 2.98 -0.66 1.42
1.97 -2.54 1.18 -0.79 0.65 -2.63
0.12 2.87 0.76 -1.43 2.69 1.96
-2.03 -1.78 0.44 -2.61 -0.64 2.33
-2.39 -2.78 2.27 -0.37 -2.44 1.51
-2.98 0.22 -2.95 -1.15 1.62 -2.43
-2.79 -0.19 1.12 0.93 2.31 -2.58
0.78 0.95 -1.25 -2.40 -0.67 0.63
-0.78 1.64 -2.48 -0.95 1.95 1.95
0.79 0.24 -1.62 -1.60 -1.15 2.01
-2.76 1.39 0.19 0.41 -0.58 1.67
-0.24 2.27 2.33 1.19 -2.98 3.10
-2.22 2.85 0.93 -1.85 -2.06 2.07
-2.36 1.63 1.19 0.46 3.01 -2.42
-1.52 1.76 -2.50 0.85 0.82 2.91
0.56 -1.95 -0.58 1.73 -3.11 -0.90
2.91 -2.12 -0.05 0.12 0.07 -2.38
2.81 -1.45 1.62 -0.15 -0.93 -0.57
1.73 -1.98 -1.34 -1.61 -1.70 1.54
0.14 1.12 0.87 -0.81 0.34 2.35
0.82 1.33 -1.45 1.88 1.38 -1.14
2.81 -2.40 0.34 2.32 1.53 -2.60
1.39 0.96 2.82 2.14 2.66 2.23
-1.95 2.80 -2.07 -1.35 2.79 2.54
-0.77 -2.63 -1.04 2.00 -1.55 0.44
-1.54 -0.69 1.83 -0.73 -2.87 3.00
-2.24 1.67 -2.60 2.26 -0.72 0.03
1.82 -1.54 1.07 1.36 1.30 2.94
1.67 0.81 -2.43 -1.29 2.99 1.91
1.64 -1.08 -1.24 1.98 -0.77 0.80
-1.29 1.20 1.18 1.35 2.66 -1.55
0.23 -1.69 2.17 2.11 -1.30 -2.25
-2.79 2.97 0.17 -2.19 1.57 -2.34
0.41 3.01 0.80 2.97 -2.34 0.74
2.76 -0.22 -2.33 -1.78 1.10 -2.72
0.48 -2.25 0.60 1.44 2.31 1.64
-2.75 -1.66 -2.31 2.38 0.96 2.63
-1.34 2.16 0.34 1.30 -0.20 -0.28
-1.49 -2.06 -0.42 -1.47 0.98 2.56
0.64 -1.09 2.79 -1.35 2.22 -2.29
-1.54 2.58 1.36 0.83 0.49 1.87
-1.02 1.72 -1.73 2.73 2.37 -2.54
1.48 0.02 -2.40 3.11 0.67 -1.04
1.51 2.51 2.78 -1.26 -0.78 -2.92
-1.86 -2.21 2.35 1.57 2.60 1.81
2.12 -1.40 -2.30 -0.85 1.67 2.69
-2.97 -2.39 1.67 2.52 1.02 -0.33
2.55 -1.20 -0.39 -1.25 2.73 -1.41
-1.74 0.03 2.78 -2.56 0.61 0.91
-3.00 -2.42 -2.02 -2.92 -2.83 -0.72
1.83 0.60 0.59 0.71 2.04 1.20
-0.62 -1.06 3.01 0.61 0.84 0.19
-1.68 2.54 3.12 2.84 1.68 2.57
2.63 -0.58 -2.21 -1.07 -1.59 1.08
-2.09 -1.32 -1.74 2.12 2.26 0.35
0.62 2.53 -2.18 -0.14 2.83 0.04
1.05 -2.46 0.18 -2.31 -1.62 -2.40
1.55 2.55 -2.98 -0.26 -3.13 -2.94
-2.47 1.10 0.57 2.89 -2.39 -2.16
-2.16 2.28 0.37 -1.91 -0.27 2.52
-0.40 -3.07 -1.02 1.68 -2.86 2.98
3.05 -1.13 0.39 1.64 -2.90 -0.34
-2.91 3.14 2.26 3.11 -2.83 0.54
-2.96 2.25 -1.66 0.06 1.47 0.36
-2.69 0.64 -2.19 -0.63 -2.44 -0.47
-2.65 2.93 -1.84 1.97 -1.33 2.08
1.03 1.95 0.09 2.04 -1.95 2.01
0.11 -2.40 -0.55 0.24 3.02 -2.99
0.25 -2.75 -3.09 0.48 -2.68 1.89
-0.91 2.91 0.39 1.54 0.37 -3.09
-1.63 -1.01 0.89 -2.07 1.94 3.05
1.75 -0.41 0.37 -1.89 2.59 -0.47
0.13 0.87 -0.39 -1.62 2.87 -2.46
2.82 -0.65 -2.63 -0.32 0.13 -2.83
0.60 1.41 1.29 0.62 2.13 2.44
-0.91 0.73 1.89 2.73 -0.92 0.29
2.27 2.09 2.22 2.80 2.86 2.16
-0.63 -1.01 -1.12 2.33 0.68 -2.14
1.71 -1.87 1.92 1.34 1.31 1.13
2.02 -2.38 -0.71 2.07 2.54 2.45
2.39 -3.08 -2.51 -2.47 -1.34 -0.96
1.73 -0.24 1.63 -2.13 -2.13 -0.87
0.49 -1.18 -2.12 -0.13 -2.85 -1.87
-2.18 -0.24 0.63 -1.08 -0.04 1.33
3.03 -1.18 0.52 0.21 -0.57 0.81
1.29 0.37 -2.95 -0.44 -2.65 1.17
2.83 -1.99 2.91 -2.78 1.21 0.92
-2.83 2.91 -0.53 -2.47 -0.42 1.19
2.00 0.66 2.66 -1.84 -1.36 0.96
1.24 -0.89 2.31 -0.13 -3.12 2.91
-0.13 2.25 2.69 -1.07 2.08 2.00
1.88 1.32 -2.43 1.30 -0.17 2.35
-2.79 -0.66 -2.25 2.05 -2.71 -1.01
2.10 -0.75 0.58 -2.85 0.59 0.93
-2.82 1.76 -2.19 0.32 -1.56 0.76
-2.21 -1.08 -2.29 1.27 2.33 2.83
-2.56 -1.45 2.93 2.21 -2.44 -1.51
2.82 1.35 0.38 -1.71 2.61 1.97
-1.03 2.37 2.89 -0.26 -2.18 -2.31
-1.86 2.49 -1.56 -1.17 -1.67 1.66
0.13 -0.28 -0.77 -1.52 -0.36 1.56
2.74 2.95 0.41 2.86 -0.08 -2.68
0.54 0.08 -0.95 -1.91 1.14 -1.87
-3.04 0.30 -0.53 -1.91 -0.96 2.57
-2.85 -0.01 -2.24 -0.65 -1.00 0.39
-1.05 -1.06 -0.37 -2.56 -1.22 -2.99
2.11 2.57 -0.68 1.73 2.51 -1.69
1.68 1.12 0.42 1.24 -0.40 3.00
3.01 -2.30 0.60 -2.08 2.36 2.72
-0.61 -2.43 1.11 -2.37 -2.52 0.96
-1.20 -2.48 -0.67 -2.96 0.39 2.80
-2.00 2.64 -2.50 -2.81 -1.25 1.93
-1.29 -0.26 1.10 -0.24 -0.96 -1.55
-2.12 -2.76 -2.48 -1.74 1.40 -0.18
0.99 -0.79 -1.54 -1.11 -2.87 1.66
2.83 0.14 0.28 2.84 -2.84 1.21
1.89 -2.34 -2.93 -2.53 -0.06 2.54
0.49 0.90 -1.37 -2.35 0.34 -0.63
2.19 0.25 -2.23 -2.82 2.62 -0.76
-1.24 -1.08 0.72 1.81 -1.55 -3.02
2.28 -0.15 -1.69 2.46 1.89 3.01
3.02 2.54 1.47 0.82 -3.05 -1.54
-1.13 2.39 1.01 2.86 0.14 -0.45
3.02 1.55 0.97 -1.64 -2.83 0.70
-1.47 -3.00 -2.25 -0.66 1.05 -1.06
-1.99 -2.95 -0.55 2.85 2.78 1.01
1.37 0.33 -2.67 -2.59 1.10 3.13
-0.29 -2.64 -0.24 -2.79 -1.18 -0.93
0.12 -1.96 -2.32 -1.32 2.97 -0.38
0.36 -2.26 -0.12 2.17 -2.86 2.92
-0.34 0.24 1.07 2.79 0.48 -1.46
2.20 -0.64 -2.07 -0.49 -1.30 -0.82
0.92 -1.09 -2.91 2.70 -0.22 2.87
1.91 -0.80 -0.43 -1.81 -2.69 0.37
-1.14 -1.15 -1.61 1.07 -0.32 -2.86
1.17 0.90 -1.10 -2.23 2.94 0.04
-0.47 3.14 -2.90 -0.12 0.22 -2.91
-0.24 -1.26 0.49 2.43 1.86 0.33
-0.56 0.72 1.02 0.75 2.27 -1.06
-1.47 -0.95 1.09 0.39 1.37 -0.68
2.33 -2.34 0.73 0.70 2.45 1.33
-1.59 0.33 0.24 0.96 0.76 -0.96
-1.79 -1.06 -0.41 0.73 1.40 0.14
-0.69 -2.56 1.37 -1.87 2.98 -1.57
0.93 3.01 1.79 1.46 0.35 -2.15
1.82 -2.17 0.02 -2.30 1.99 1.87
2.79 0.54 0.90 -1.58 0.88 0.11
-1.59 2.56 -0.09 2.02 0.45 -1.84
-1.09 2.42 -0.90 -1.12 2.92 2.42
2.77 -1.01 3.07 -0.82 2.28 1.10
1.80 1.98 -0.17 2.18 -0.22 0.61
0.88 -1.61 -2.41 1.46 -1.96 0.05
-0.75 -1.36 -0.82 0.79 -2.25 -2.14
-0.55 1.45 0.91 0.93 1.96 2.30
-3.06 -1.94 1.68 0.85 1.70 -0.89
-2.77 1.49 -1.88 1.19 -2.06 2.79
-0.09 0.50 1.17 -0.96 -1.80 -0.05
1.53 -1.75 1.19 0.03 -1.96 2.60
-2.54 -0.02 -0.04 0.25 -0.30 1.26
0.77 2.52 -0.28 2.31 -1.24 -0.40
-1.20 2.43 0.01 -1.36 -1.84 -2.48
0.24 -2.33 -0.90 -0.04 0.50 3.02
3.11 -3.13 0.42 2.08 1.30 -2.62
1.88 0.49 -0.27 1.74 -2.67 -0.96
0.43 0.35 3.04 0.94 1.16 -2.15
-1.67 0.72 -1.04 -1.16 2.60 2.83
-3.13 0.52 0.70 2.29 1.99 1.51
2.29 2.10 0.41 1.33 1.61 0.39
-1.78 2.21 -0.06 -1.26 -0.82 0.43
-1.77 2.30 -0.64 1.22 -3.05 -2.62
0.69 -0.39 -2.57 0.71 -2.00 -1.33
2.23 2.35 3.04 2.43 -0.13 -1.18
-0.47 1.22 2.32 -0.03 -1.96 1.34
-0.25 -1.40 -1.45 1.63 2.87 0.27
-3.08 1.04 2.69 -0.02 3.08 0.08
-3.08 -1.78 -2.94 -1.63 0.02 2.01
0.90 -2.12 -0.87 0.80 2.64 0.42
-0.56 0.15 0.49 0.19 2.19 0.59
-1.50 -0.68 -2.50 1.16 2.17 2.74
-0.63 -1.51 -1.09 -1.57 2.14 1.59
1.02 2.86 -0.09 2.70 -3.06 2.97
1.21 1.77 0.20 -0.98 -1.25 -1.17
-0.24 3.09 2.89 2.31 2.75 2.01
1.98 -0.91 -3.00 2.45 1.32 0.30
2.21 -0.89 3.01 1.64 -1.78 0.03
2.90 -0.79 0.23 0.09 -0.69 2.32
-2.08 2.09 0.51 -1.51 0.06 -0.14
-0.38 3.09 0.02 -0.69 3.02 2.17
-2.01 3.07 0.66 -1.45 -1.52 -2.83
1.57 -0.48 -1.22 0.18 2.25 0.60
2.85 1.66 -0.23 0.45 -3.13 0.45
-2.71 -2.39 -1.00 -2.77 3.06 2.12
-1.50 -1.36 -1.18 2.60 -1.37 2.63
3.12 2.30 0.41 1.45 -0.81 1.72
1.15 0.44 2.61 -2.91 -2.30 0.96
-0.61 2.89 -1.47 2.15 0.64 -0.73
-3.12 -1.73 1.99 2.87 -1.12 1.34
-3.01 -1.90 2.26 -2.67 -0.99 1.79
-0.26 1.24 -2.21 1.56 -2.71 -0.24
-2.95 1.14 -2.94 1.91 1.64 1.32
-0.84 1.02 0.11 -2.97 2.24 -1.11
1.36 -0.59 3.13 -0.81 -2.90 -2.74
0.57 2.31 -0.57 -1.39 3.06 1.21
0.38 0.43 -0.34 -1.38 -1.50 -1.57
2.54 -1.17 0.96 -0.16 0.67 3.04
1.08 2.91 2.43 2.33 -0.33 -2.33
1.50 -3.10 -0.44 2.94 -0.60 -2.56
-2.32 1.00 -0.11 -2.23 -1.14 2.52
2.11 1.01 -2.64 -0.42 -2.17 -2.11
1.37 2.04 -2.06 2.02 -0.43 1.99
-1.54 -1.06 -1.36 2.00 2.41 2.23
-0.11 -3.08 -3.06 1.59 2.87 0.78
2.23 -1.09 -1.94 -2.06 -0.60 0.39
-2.13 -0.65 2.31 -0.55 -0.77 -2.94
0.65 2.07 1.12 0.73 -1.74 -0.83
0.70 2.18 -2.67 1.24 -2.03 0.19
-2.95 -0.23 -0.87 -2.83 -1.63 -0.75
-0.69 1.97 -2.49 1.22 -3.00 0.32
-1.79 0.35 1.19 -1.77 -1.07 -1.31
-0.30 -0.68 -1.13 -2.12 -2.28 -0.98
0.33 0.65 -1.03 -1.21 -2.98 0.87
1.27 1.21 0.07 -1.86 -2.19 2.92
0.62 2.52 -2.28 -2.76 2.62 -0.03
-0.78 -2.96 2.09 -0.49 -1.00 0.78
-0.87 -0.02 2.48 2.13 0.33 1.18
-0.51 -2.69 -0.46 0.88 0.62 -1.13
-2.35 -3.10 -0.23 -2.82 0.07 2.11
1.28 -0.51 0.80 -0.04 -2.80 2.17
-0.30 1.16 -1.96 1.95 1.57 -1.45
2.89 -0.18 -1.03 1.76 -0.28 -1.05
-1.12 2.27 1.60 0.56 -0.72 -2.59
0.34 1.91 -1.46 -1.78 1.89 0.79
3.01 2.88 -0.13 -2.44 -2.52 0.15
0.08 -0.11 2.57 0.23 1.95 3.01
0.85 -1.73 1.39 -2.95 0.15 0.16
0.36 1.08 2.22 1.72 -1.37 -3.05
-0.43 -0.55 -1.31 1.00 -0.77 1.92
-1.25 1.91 -0.26 2.21 -0.77 0.04
-2.19 -1.20 0.94 0.47 -2.68 3.11
2.64 2.50 0.23 2.13 -0.77 1.55
1.07 1.73 2.36 -2.23 -2.51 2.63
1.57 -0.87 -0.56 -0.68 -2.97 0.05
2.63 -0.68 -3.10 -1.72 -2.60 -2.33
1.21 -2.76 -2.35 -2.54 -1.96 2.68
-0.67 -1.78 1.48 2.83 -1.83 -2.48
1.33 2.06 1.41 2.97 0.14 -2.54
-1.49 0.34 -1.12 1.91 2.72 0.27
-0.52 -2.61 2.39 -2.29 -1.79 -0.69
1.52 -2.63 2.69 -0.44 -1.02 -2.43
-0.26 -2.86 -2.99 -0.20 2.12 -0.28
2.29 2.40 -0.80 -2.47 0.24 2.04
-1.86 2.72 -0.81 -1.18 2.80 3.02
-2.19 -0.20 -0.56 1.82 -1.21 -1.70
2.40 -2.71 -0.56 2.14 -1.58 1.78
0.05 0.73 -1.26 -2.00 -2.95 -1.93
0.84 2.73 -1.28 -1.38 1.53 0.93
1.09 -1.76 0.69 -1.50 1.40 -1.35
0.39 0.77 -2.11 -1.29 -1.17 2.01
1.93 1.66 -2.96 1.60 -0.32 2.95
-1.72 -1.59 2.14 -2.68 -0.17 2.30
0.99 1.87 2.60 1.67 3.14 0.80
-2.51 -2.83 -0.37 0.24 -1.00 0.70
1.02 -3.13 0.12 -1.25 -0.90 0.47
1.78 -0.36 -0.78 -0.30 2.96 -1.48
2.00 -0.47 -2.29 -1.88 -0.35 1.33
-0.66 -0.96 0.42 1.81 -0.22 -2.99
-0.68 2.34 -2.67 0.25 -1.49 -2.53
1.75 -2.18 -2.54 2.64 0.95 0.26
-1.45 -0.13 -1.88 1.52 1.93 1.36
-2.51 -2.87 -2.31 -1.90 1.35 1.32
0.03 0.26 -0.97 2.63 2.86 -1.31
-0.97 0.62 1.56 -2.93 1.77 -1.12
-0.28 2.10 1.57 0.39 1.55 1.11
-1.78 2.67 -0.10 -3.00 -2.78 -1.29
-0.31 1.12 0.38 2.20 0.87 0.50
2.70 2.25 -2.37 -1.32 -1.13 -1.34
-2.18 -0.78 1.25 0.69 -2.50 -0.78
2.38 0.68 0.70 1.68 -3.04 -2.43
-1.13 -0.97 -2.59 -0.33 -3.02 3.06
2.24 2.47 2.14 0.59 0.79 2.96
-2.55 -0.61 2.28 -3.01 -1.31 -2.00
0.63 -2.96 -0.92 2.32 1.29 -3.03
-2.19 1.63 1.89 2.15 1.22 2.59
-0.32 0.89 1.83 1.93 1.25 -2.98
-1.60 -0.95 1.32 -2.26 -1.91 -1.77
-0.00 1.17 1.17 -2.09 2.87 3.07
1.65 -2.00 0.37 2.45 1.38 -0.08
2.94 1.48 -2.93 1.84 -1.91 0.88
-0.23 2.08 0.54 2.58 3.09 1.81
1.30 -2.71 -1.34 2.01 -2.01 -0.54
-1.29 -2.33 1.82 1.64 2.61 -2.14
-1.71 0.11 -2.73 -0.94 2.51 2.35
1.27 -1.00 -1.32 1.88 -1.73 -1.92
-1.63 -0.03 2.28 0.51 2.06 -0.63
1.96 -2.91 0.00 2.08 3.09 -1.55
0.00 0.96 1.54 -2.99 1.10 -2.92
1.59 0.71 -2.25 2.93 1.75 -0.16
-2.31 1.15 -0.15 2.92 -0.75 3.09
0.09 -2.44 1.38 2.66 -1.55 0.00
-2.34 -0.70 -0.68 -0.37 2.63 0.92
-0.19 2.52 -1.02 -2.80 -0.01 0.47
0.26 -1.58 -1.74 -1.15 -1.68 0.30
-2.20 0.65 -1.54 0.44 -2.11 0.48
-1.37 0.26 0.74 2.93 -1.96 1.50
2.96 -0.81 0.92 -1.35 1.01 2.89
2.88 2.57 2.13 -2.49 -1.43 0.66
-2.63 -2.34 0.81 2.35 0.09 -1.11
2.50 -1.93 -2.16 -2.17 2.89 -2.06
-1.24 -1.60 -1.36 2.64 -0.63 2.49
-2.52 -1.62 -1.41 -1.52 -1.63 2.38
1.90 1.99 -1.86 -2.36 1.97 -0.70
1.94 1.52 0.19 1.44 -2.85 -2.08
2.38 -2.72 -2.72 -2.91 -2.70 1.30
0.38 -2.65 -0.73 -0.02 3.11 1.76
-2.90 -1.80 1.62 0.47 -1.72 1.63
2.02 2.48 -2.32 1.99 1.27 -0.64
-0.08 0.56 1.92 -0.46 -2.09 2.17
2.88 -1.05 2.75 2.70 -1.97 1.78
-1.68 1.08 0.76 1.54 1.93 -1.12
-0.80 1.52 1.07 0.87 2.92 -1.94
-1.78 1.80 2.08 -1.94 -2.62 -2.67
-0.30 -0.57 1.91 -2.63 -1.11 2.30
-0.98 -2.59 -1.27 1.62 1.56 -0.37
-1.27 -1.77 1.64 1.55 -1.69 1.97
0.02 -1.54 2.19 -2.21 -2.40 1.19
2.27 -0.02 1.47 -1.15 0.94 1.07
0.37 -1.86 -2.37 0.51 -0.07 1.91
2.52 1.81 -0.84 -0.42 0.57 2.70
0.57 1.34 -0.00 -0.90 -3.10 2.15
-2.36 0.77 1.89 3.12 0.70 1.59
0.48 0.58 1.42 1.35 -0.64 0.05
-2.09 0.94 -2.58 -0.50 2.36 2.13
-1.91 -0.24 0.66 -2.77 -0.42 -1.39
-0.56 3.07 -2.04 0.11 -2.68 1.00
0.55 2.98 -1.26 3.04 0.26 1.71
0.78 -1.71 2.65 0.45 -0.70 -2.09
-2.99 -1.97 -2.16 3.09 -1.17 2.53
1.11 2.72 2.28 -0.67 2.55 3.12
-1.15 -2.51 -0.80 2.44 -2.68 -0.87
-1.90 3.01 0.33 -0.94 1.65 -2.29
-1.00 1.23 -2.94 -2.37 -0.54 3.09
-1.65 2.67 2.79 -1.67 -1.82 -1.08
2.82 0.86 0.41 1.08 -0.44 1.32
1.32 2.45 0.88 0.25 -0.52 2.34
2.52 2.53 2.48 1.24 1.28 0.17
-3.08 -2.73 0.71 2.38 1.57 1.43
0.16 1.36 1.63 3.14 2.32 -0.83
2.62 1.68 1.78 -0.36 -2.09 2.49
-1.09 1.22 0.04 1.48 -0.30 -1.52
-1.62 2.04 2.26 -2.52 2.13 2.85
-0.23 0.94 -1.31 -3.09 2.22 2.76
-0.08 -2.36 0.07 0.54 2.71 -1.28
-0.45 1.67 -2.02 0.95 1.38 -0.33
1.41 0.40 -2.86 -1.62 -2.88 -1.85
-2.14 -1.64 2.10 2.68 -0.96 0.96
2.69 1.75 -0.07 -1.23 -2.33 -1.45
-1.44 -2.66 1.29 -2.29 2.47 1.06
2.67 -1.46 2.17 2.71 2.10 0.51
-1.68 1.36 -1.72 1.13 0.32 0.88
1.70 1.22 -0.64 -1.14 1.42 1.78
0.54 -2.20 -2.37 -2.43 1.02 0.17
1.84 -1.69 2.11 1.40 -2.73 0.81
2.29 -2.08 -1.59 2.63 -2.25 -3.03
1.59 -1.97 0.38 -2.02 1.36 0.57
-1.98 -1.27 1.56 2.04 -1.40 2.29
2.75 0.84 -0.07 1.16 2.49 0.72
2.30 1.85 -0.76 -1.83 0.39 -2.11
0.38 -1.37 2.42 2.11 -1.86 1.23
-1.39 0.65 -0.33 -2.49 0.93 0.24
-0.53 0.87 -0.03 0.54 -1.24 1.21
-2.84 1.69 0.50 0.22 1.59 -2.18
1.33 -1.28 2.39 -2.75 0.78 1.04
-2.77 1.19 -2.90 1.43 -1.50 2.21
2.51 -2.86 1.54 -3.04 2.25 -1.97
0.19 0.06 -0.62 0.04 2.10 2.42
-2.04 -2.37 -2.99 -0.18 0.64 -1.71
-2.06 -0.44 1.48 2.69 1.96 1.91
-1.20 -0.55 3.11 0.91 -0.52 -1.93
-1.88 -1.51 1.24 -1.52 -2.44 0.74
-0.28 -0.35 -0.47 -1.18 0.04 -0.76
0.75 0.53 0.81 -2.42 -0.94 -1.25
1.43 -2.34 1.28 -0.51 -0.65 -1.09
1.67 -1.14 -2.73 -1.72 0.68 -2.08
-2.48 -3.10 0.33 -1.85 1.69 2.91
2.61 1.23 1.24 -3.00 1.00 -1.69
-0.61 0.84 0.93 1.78 2.78 1.90
1.58 2.19 2.08 -2.81 -0.83 1.21
2.76 -0.29 1.42 -3.09 0.56 -1.89
-0.96 -1.83 1.30 -0.43 -0.66 -2.04
-1.79 -1.93 -3.07 1.27 -1.10 1.07
1.32 -2.55 -0.21 -1.82 0.10 1.11
2.61 0.68 1.89 0.39 -1.64 -0.13
-0.39 2.44 1.78 2.01 -1.49 2.11
3.08 -3.13 -0.78 1.04 -1.91 1.49
2.88 0.38 -1.05 -0.52 0.98 -2.27
-2.76 -0.67 1.42 -0.94 -2.82 -1.24
0.30 2.09 -1.83 1.10 0.51 2.15
-0.27 -2.07 -2.69 1.16 2.57 1.49
-2.56 -2.56 2.05 -1.95 -0.43 2.36
2.98 -1.19 2.67 -0.88 -2.05 0.93
-0.40 0.60 -0.58 -2.48 -0.20 2.93
-2.02 0.56 -3.11 2.66 -1.36 0.78
-1.04 2.94 1.84 -1.69 -1.67 1.42
1.43 -1.60 -1.68 -1.16 2.60 1.72
-0.69 1.71 -0.55 1.21 3.03 0.20
-1.42 0.31 -2.76 1.75 0.43 -1.46
-1.14 0.62 0.94 1.90 -2.83 2.97
-2.03 -0.39 -1.31 1.55 -0.35 -1.38
-2.56 1.96 -0.09 1.83 -0.39 1.19
1.14 2.47 2.59 -0.34 1.57 3.12
-2.68 2.69 -2.20 1.51 1.23 -2.35
-2.44 -0.49 1.80 2.09 1.67 0.83
-0.39 -0.26 1.29 1.00 -1.01 -2.13
1.57 -0.37 3.02 -2.09 -2.89 3.02
-1.87 -1.70 2.90 -0.80 2.09 -1.36
1.79 1.37 1.31 -2.37 -2.35 -2.46
-1.72 -0.14 1.34 0.04 -0.79 -1.91
-2.37 0.75 1.21 -0.19 -0.17 -0.62
2.96 1.80 -0.49 -2.50 -2.75 -2.93
-1.74 0.17 1.50 -2.03 0.75 -2.79
2.56 2.88 -0.38 1.83 -1.54 -0.57
-2.91 1.10 1.37 -0.00 2.35 -0.80
-0.69 2.80 -2.41 -1.75 -1.62 -1.37
0.72 0.53 0.41 2.29 -0.58 1.45
2.73 1.18 0.68 -2.26 -1.59 -2.06
2.90 2.48 -1.21 0.70 0.16 2.36
0.59 2.96 -0.25 -1.95 1.77 -1.77
1.88 -2.13 -0.55 -1.29 -2.95 0.16
0.20 -2.05 0.02 3.12 -1.44 -1.34
-1.60 -0.69 1.64 -1.54 -0.78 0.23
0.83 -2.00 -3.06 -0.68 0.63 1.08
1.68 0.55 -1.30 2.34 -0.52 1.78
2.69 2.48 -1.09 0.18 0.41 0.09
-2.53 0.97 -3.10 -2.75 -0.86 2.18
1.34 -1.42 2.18 -0.64 -2.83 2.92
2.59 1.72 1.34 -1.35 3.10 1.50
1.20 1.37 2.35 0.94 -0.65 1.78
1.63 -1.43 -1.00 -3.05 -1.04 -1.06
-1.81 -2.32 -2.92 -0.31 1.92 0.28
-2.20 0.65 -0.80 1.95 -1.81 0.98
-1.59 1.17 -0.90 -2.79 -2.13 1.53
-0.49 -2.68 2.17 1.27 0.83 -2.72
2.34 -0.18 2.54 -0.62 -2.02 0.18
-0.66 -1.44 1.69 -1.51 0.77 2.31
-1.42 -1.16 -2.46 1.73 1.67 0.10
0.15 -1.24 -1.63 -0.77 -1.60 -2.61
0.45 0.22 -0.26 -0.85 2.44 -0.78
-0.28 -2.99 -1.54 -0.46 -1.80 3.03
-0.88 -2.93 0.03 2.31 3.06 -2.78
1.49 2.48 2.22 2.06 -2.48 1.83
0.93 1.93 1.95 -2.18 -2.29 -3.12
-2.68 2.89 -0.01 2.27 -3.02 -2.71
1.24 1.97 1.63 -2.33 1.14 2.38
-1.30 1.93 2.82 2.37 -1.60 -1.28
0.83 1.19 -0.92 3.08 -2.16 2.09
-2.24 1.16 -0.75 2.34 2.06 -2.83
2.41 -1.06 2.11 -0.11 -2.29 -2.22
-2.68 -0.77 -1.81 0.01 -2.44 1.52
2.13 -1.27 -2.90 -2.30 2.39 -2.86
-0.20 0.56 -2.21 2.29 0.14 2.03
-2.81 0.56 -3.03 2.70 -1.73 3.12
-0.37 0.01 2.47 2.66 2.22 -1.76
0.06 0.82 -0.33 -0.20 -2.70 3.07
-1.57 1.16 0.76 -1.66 2.03 0.18
1.42 0.19 2.92 1.29 1.07 1.65
2.02 -2.37 0.26 2.94 2.52 -1.57
1.69 -2.85 -2.60 1.76 -2.16 0.21
1.38 -2.08 -2.22 -2.96 -1.76 0.49
1.59 2.13 -1.55 -2.05 0.46 -2.16
1.75 2.70 -2.45 1.47 -2.72 1.46
-2.41 -1.64 -2.32 -0.98 2.82 1.19
0.24 -2.09 0.36 1.16 -3.09 -3.02
2.51 0.69 -0.33 2.64 -3.03 -1.99
0.45 3.13 -2.95 0.70 -1.06 1.46
2.96 -2.47 1.48 0.55 0.46 -0.38
1.07 1.21 -0.56 1.57 -1.73 -1.83
-2.44 -3.12 -3.14 1.60 0.12 0.34
0.54 2.67 0.05 0.15 1.42 2.37
1.71 -2.00 0.96 1.05 2.87 -0.10
2.85 3.06 -2.96 -0.30 3.05 -0.14
0.23 0.86 -0.57 0.92 -0.21 -1.97
-3.09 -2.20 -1.48 2.47 -0.63 -2.85
-1.64 2.14 3.10 0.91 1.14 -0.55
-2.11 -0.63 1.42 2.98 -1.95 -1.28
-0.43 0.71 0.14 -2.73 -2.53 0.58
2.13 -2.23 -0.39 -0.14 2.47 -2.58
0.62 -0.24 1.14 2.51 2.77 -1.21
-1.66 0.21 2.38 -2.01 -2.29 -3.07
-1.30 -0.17 2.89 0.89 0.09 2.40
-1.49 1.89 -1.96 -0.14 -0.30 0.38
1.06 1.62 1.17 -1.97 -0.59 0.64
2.83 -0.70 -0.59 -1.01 -1.17 1.67
0.01 -0.80 -2.12 0.64 -0.88 1.70
0.49 -1.03 0.70 -0.73 -2.39 2.88
2.58 3.05 -3.10 0.72 0.25 -0.02
-0.16 -1.98 2.99 1.71 -0.54 0.23
0.56 -2.45 2.94 -2.29 -2.12 -2.56
-3.02 -0.35 -2.43 2.34 2.37 2.75
-2.82 -2.68 -0.68 1.85 2.27 -0.05
1.61 2.95 1.87 0.68 -0.52 2.85
1.93 0.50 -0.25 0.07 -0.80 -1.22
-0.46 -1.20 1.31 2.59 1.03 2.50
-1.99 1.44 2.25 1.26 -1.71 0.68
-0.64 -2.99 -1.09 1.12 1.34 -2.26
2.71 -1.50 1.31 -0.72 -3.10 -2.22
0.72 -1.82 -3.04 -0.06 -1.26 1.38
2.42 2.38 -1.45 -2.35 1.11 -2.46
2.86 2.62 0.85 -0.28 2.13 0.88
-3.06 1.55 0.08 -3.05 0.40 1.31
1.85 -0.24 -1.47 -0.38 0.25 2.25
-1.91 0.24 1.23 -1.58 -0.30 -2.95
0.08 0.78 -2.75 -2.81 2.38 -0.03
-0.29 -1.19 -0.54 -0.66 1.31 2.47
-0.27 2.15 2.69 1.91 0.45 2.55
0.07 -3.13 -2.16 3.13 0.96 2.19
2.29 1.36 1.83 -1.26 -0.80 1.48
-2.83 1.61 -2.09 0.64 1.16 0.82
2.15 0.70 2.30 0.70 0.66 -0.70
-3.10 1.93 1.56 -1.45 -1.35 -2.36
2.10 2.92 0.71 -2.24 0.95 -2.99
1.12 -2.91 0.09 -2.24 2.98 3.11
1.93 -2.75 2.67 -0.45 -2.21 -1.00
0.12 2.28 2.41 -2.29 2.61 0.82
-2.60 -1.44 -1.95 2.79 2.17 1.03
1.43 0.94 -0.77 2.45 0.68 -2.96
2.07 -0.00 1.82 -1.89 -0.78 -2.52
2.23 -0.07 0.40 -0.06 0.03 2.22
-2.08 -1.56 -2.47 0.90 0.06 -1.44
2.13 2.15 3.08 -2.17 2.54 -0.04
-1.77 3.09 0.65 -2.78 -0.46 -2.61
0.48 2.78 -1.64 -1.63 -0.35 -2.68
-2.07 0.22 2.00 0.73 0.96 2.13
-2.63 1.97 0.89 -2.10 -0.54 2.69
0.12 -1.04 2.61 -2.26 -2.48 -1.27
-0.58 -1.99 -0.24 -2.91 -0.68 0.85
-1.93 -0.75 -1.26 -0.53 1.48 1.55
1.75 -0.11 2.07 -0.18 -1.99 -2.43
-1.43 -0.59 -0.23 -1.68 -0.44 -0.36
-2.32 2.92 -0.10 1.43 -2.29 -1.71
1.33 -1.35 0.35 -0.30 2.11 -1.09
2.98 1.37 -0.34 0.17 1.63 -1.84
-1.28 1.35 -1.82 0.09 0.57 -2.16
0.53 1.34 2.94 0.22 2.62 0.24
-1.72 -2.51 1.76 -0.95 -0.47 2.63
1.59 -0.80 0.57 -0.20 -2.44 0.21
-2.80 -0.26 1.35 -2.76 -1.37 -2.80
1.55 -1.51 0.07 0.65 -0.13 1.89
-1.74 -2.04 -2.52 0.38 -3.03 1.68
-1.05 -0.72 2.86 -0.04 -2.82 -0.40
0.67 0.99 -0.22 1.95 -0.96 -1.03
-2.63 2.99 -1.97 0.87 -1.65 -3.11
1.02 -1.40 -2.54 1.37 2.90 2.47
2.40 1.84 -1.52 -2.70 2.80 -0.32
2.68 -0.51 1.85 1.70 0.89 -1.08
1.94 -2.79 -0.90 0.10 0.16 -0.40
2.31 -2.81 -0.85 -0.73 1.13 0.76
3.00 -2.81 3.13 2.28 2.58 -2.87
2.94 -0.23 -1.04 2.37 -2.02 -1.96
-2.86 2.43 -2.43 -1.89 2.55 1.58
2.20 2.31 2.86 2.15 -2.36 -0.41
-2.58 0.63 -2.13 -0.43 -2.77 1.60
2.65 -0.52 -1.27 -2.84 1.88 1.74
1.40 -1.09 1.20 -1.10 1.55 -1.78
1.91 -0.34 -0.38 0.24 -0.65 2.62
2.63 3.11 -1.17 -0.38 2.92 -0.28
2.31 -0.38 -0.31 -2.58 -2.01 -1.44
-1.57 -1.72 -0.49 0.02 2.77 -1.04
-3.12 -2.57 0.07 0.38 -2.59 2.64
1.44 -1.41 -2.49 -2.55 2.49 -0.67
-1.40 0.85 0.21 -0.02 -1.97 -1.45
0.79 -2.31 0.31 -0.94 0.45 0.21
-2.74 1.71 0.41 2.74 -3.13 -2.45
0.35 -2.92 -0.02 0.74 -1.93 -1.49
-2.62 -0.29 0.72 2.71 1.24 2.24
0.86 -2.65 -2.36 1.17 -1.33 1.62
1.87 0.95 -0.67 0.26 0.33 -0.28
-2.58 -0.47 -2.07 1.38 -0.63 -1.72
1.40 -1.84 1.39 -0.07 -0.36 -1.69
-1.69 1.85 1.86 -1.30 -0.60 -0.02
-1.09 -1.79 3.00 1.24 2.37 -1.66
2.92 -0.72 1.73 0.55 -1.73 -2.26
0.85 -1.11 2.71 -2.03 -2.40 0.20
-2.09 -0.92 -1.88 -2.17 -0.87 2.83
1.78 -1.46 2.13 0.69 2.46 2.36
-1.01 2.35 1.61 0.67 1.13 0.26
-1.00 -0.61 -0.80 -1.33 1.58 0.85
0.14 -1.93 -1.49 -0.54 2.13 -0.03
-2.27 0.38 -1.16 1.09 -1.00 -1.33
-1.50 0.28 -0.43 2.57 -1.19 -0.25
2.31 1.11 -0.26 -1.92 2.49 0.11
-1.17 2.81 0.73 2.79 -0.91 -1.08
1.58 -2.61 1.75 -1.04 2.27 -3.01
1.32 -2.92 -1.91 -0.56 -1.71 -0.33
2.43 0.02 2.85 -2.89 2.18 -1.77
-0.18 -2.10 0.31 -1.76 -1.65 -1.23
-0.09 0.35 0.11 1.45 3.02 2.83
2.89 -0.66 1.02 2.58 3.08 -2.44
0.44 0.89 -1.48 -2.13 -1.08 0.63
-2.62 -2.65 1.34 1.32 -1.91 1.38
-2.64 2.20 2.70 -2.17 -0.53 -0.30
1.27 2.16 -1.72 -1.08 0.93 -0.56
1.07 1.51 1.70 2.53 1.97 -1.83
2.74 -2.32 0.23 0.11 -2.81 -0.58
1.80 0.55 -1.19 1.94 -0.03 0.75
-1.68 -2.50 1.97 2.32 0.18 1.68
0.53 1.77 -1.11 1.11 1.86 0.80
1.70 -0.11 0.30 2.54 0.77 2.80
2.20 0.97 0.76 -2.95 -0.45 -2.69
1.31 1.87 -2.12 0.64 2.10 2.45
0.53 -0.37 -2.99 0.95 3.08 -2.07
-1.29 -2.49 -2.93 -0.38 -2.10 -2.59
1.75 -0.16 -1.21 1.56 -3.10 1.53
-2.13 2.15 -1.77 2.37 2.51 -1.90
-1.68 2.44 -1.56 -0.23 1.58 0.74
2.22 -0.51 -0.90 -2.16 2.51 1.45
-1.23 2.22 2.32 2.74 -0.45 2.39
-0.41 3.10 -2.56 1.24 0.84 1.20
-2.61 0.45 -1.02 2.98 -0.34 1.86
-1.48 -1.80 -0.65 1.20 1.07 1.30
-0.08 -1.50 3.05 1.55 2.39 1.81
-2.32 -2.08 -1.17 1.54 0.70 -2.65
-0.74 0.49 -1.27 -0.65 2.93 0.31
2.10 0.43 -2.82 0.95 1.14 -0.56
-3.12 0.30 0.55 2.89 -2.08 -2.69
0.42 -2.67 -2.83 0.44 3.08 -0.51
-1.89 -1.16 -2.11 -3.03 -3.00 3.02
2.56 0.31 -2.98 1.46 -3.05 -1.91
-1.61 2.48 -1.65 -0.45 -2.19 2.20
0.39 -0.40 2.55 -0.36 -0.95 2.45
2.68 0.32 -1.63 -2.01 0.70 1.23
1.69 -0.27 -2.13 -0.61 1.92 1.30
1.06 -0.45 -2.35 2.47 2.85 1.08
-1.33 -0.60 2.39 -0.51 0.74 1.12
2.02 1.43 2.00 2.48 2.13 -0.27
-2.30 -2.43 -2.48 2.42 3.14 0.44
2.19 0.95 -0.97 -0.25 -0.02 -1.76
0.48 1.29 0.62 -0.20 -0.61 2.07
1.70 -1.74 -2.53 2.14 0.88 -0.15
-0.11 1.25 2.52 2.22 -3.01 0.03
-0.61 2.59 -0.26 2.17 1.62 -1.01
2.74 -3.02 0.67 1.70 0.01 -2.70
-0.44 -2.17 -2.55 -0.11 2.25 2.49
0.38 0.04 -0.81 0.75 -2.50 -0.55
-2.77 0.75 -2.22 0.42 0.09 2.56
-1.17 -0.62 3.08 1.58 -1.64 1.14
2.77 -0.40 2.32 -1.62 2.64 2.40
-1.21 0.88 -2.53 2.10 0.62 0.71
2.71 -0.14 1.53 1.69 -0.37 -1.45
-2.98 1.37 1.58 -2.06 0.13 -0.11
1.19 -1.99 1.99 -2.02 0.50 -2.93
0.24 -2.96 -0.32 1.75 -2.76 1.77
3.10 0.78 0.37 -0.95 1.15 0.69
1.43 -2.95 0.52 -2.52 1.06 -1.06
1.97 -0.24 0.39 0.69 -1.29 2.90
-1.00 -2.39 0.69 0.26 -2.85 -2.00
-0.66 -0.82 -0.92 -1.91 1.45 -0.94
-2.21 -1.64 2.15 -0.90 -1.36 -2.04
2.19 0.24 2.30 -2.65 0.05 -1.61
-1.16 2.37 3.05 1.31 -0.46 -1.91
2.89 2.60 1.59 1.72 0.64 -2.82
-1.06 0.91 2.99 -1.53 2.32 2.60
2.66 2.49 0.94 -2.19 0.98 2.00
-2.02 3.04 -0.89 2.74 1.23 3.07
1.83 -0.49 -1.16 0.56 2.79 2.40
3.09 2.72 1.20 0.84 -1.72 1.99
3.01 -3.00 -2.41 -0.88 -2.50 -2.94
0.02 -0.76 -2.05 -2.39 2.58 0.57
-0.06 3.08 1.82 -1.23 2.98 2.89
-2.46 -0.75 0.66 -0.99 2.72 -0.88
1.17 0.69 1.42 0.62 1.21 1.19
0.79 1.70 0.47 1.61 -0.49 0.46
1.13 -1.99 -2.92 0.15 2.59 1.41
-1.61 2.76 2.61 -0.31 -2.01 0.28
-1.66 -2.84 -3.13 2.17 -1.63 1.21
1.76 0.62 2.24 -0.19 -0.51 -1.03
0.99 -0.80 -2.85 1.78 -2.18 -1.71
-0.26 1.97 -0.62 -0.86 -0.50 2.32
-2.83 -2.57 2.95 -2.36 -0.40 2.50
-1.07 -2.46 -0.59 0.21 -1.16 0.61
-1.40 -1.35 -3.01 -2.41 1.49 1.47
-1.14 -3.05 -0.30 -1.64 0.77 -1.32
-1.73 -2.05 -2.38 -2.94 -2.66 -0.27
2.48 -1.96 0.99 -0.39 1.33 -0.21
0.28 1.71 -0.01 -1.69 -1.44 1.71
-1.69 -1.16 2.24 0.26 2.04 -1.24
0.58 0.52 -0.71 -0.51 2.69 2.17
-1.42 -1.60 2.18 0.50 -1.97 -1.39
3.03 1.15 2.95 -1.67 -2.09 -2.79
2.32 0.10 -1.84 1.37 -2.62 -1.67
-2.49 2.76 -2.95 -2.88 -0.49 1.90
-2.95 0.99 0.07 0.41 -2.86 -2.87
0.35 -0.37 1.89 -3.12 -2.29 -0.40
0.54 -1.18 0.91 -2.76 -0.79 1.64
0.30 -2.37 1.75 -1.78 -2.55 3.08
1.87 0.54 -1.79 -1.63 -0.16 0.94
1.46 1.17 -2.57 -1.39 -2.56 0.84
-0.73 -2.70 -2.05 2.17 -2.49 -1.30
-0.59 1.06 0.94 -0.06 -0.94 0.48
1.94 2.63 -1.85 -1.21 -2.09 2.20
-3.13 0.58 2.95 0.18 1.42 0.71
-2.75 -3.14 2.70 -1.74 2.31 -1.15
0.78 0.30 2.93 -1.91 1.59 -0.43
1.66 2.20 1.68 2.41 -0.87 -0.65
2.02 0.99 -0.83 -0.40 0.41 -2.81
-0.67 -0.14 -0.17 -1.41 2.84 2.97
-0.04 2.75 -0.03 -2.14 -1.84 -0.61
0.90 0.07 0.22 -0.32 -2.01 -0.72
0.58 -1.68 1.19 1.18 -1.97 1.34
0.49 -1.71 -0.19 0.48 -3.13 0.95
0.15 -3.03 -0.96 1.81 -1.06 1.82
0.20 -0.54 1.40 -0.42 2.69 -1.45
-0.15 -2.16 0.75 -3.08 -0.92 -1.54
-2.88 0.50 1.78 1.63 2.42 -0.67
3.09 -1.85 0.35 -0.67 1.12 2.24
-1.02 -1.56 0.49 -0.36 -1.35 -2.98
1.30 2.22 -1.47 2.27 1.55 -1.82
0.19 0.08 -1.74 1.52 -2.18 0.18
3.10 -0.58 -2.19 -3.03 -0.20 -0.35
-1.92 -1.63 -1.72 -1.04 -0.80 -2.37
1.99 -1.59 -1.29 -0.03 1.10 1.45
1.79 -0.49 -2.04 -1.57 -2.19 -0.09
2.37 0.49 -1.05 -2.47 0.18 -2.99
0.15 1.47 0.43 1.12 -0.78 2.75
1.24 0.05 0.35 2.27 1.39 0.09
2.04 2.46 0.51 1.95 1.94 -2.85
-1.94 0.76 0.14 2.44 -0.52 -1.60
0.70 2.01 0.09 -2.08 1.19 0.15
1.17 1.05 0.61 2.09 1.11 0.97
0.20 -2.28 1.73 0.25 3.00 1.27
0.47 0.68 1.76 2.49 -0.82 0.60
1.22 1.66 1.89 -0.28 -1.70 2.41
-2.02 0.79 -0.56 0.98 -0.30 2.36
-0.26 -2.78 -0.06 0.69 -2.95 0.77
2.39 2.82 -3.13 2.79 -1.97 -1.90
2.94 -1.43 2.48 -2.59 0.35 -0.41
-0.04 -1.71 2.09 1.39 0.52 -2.13
-1.10 1.12 -2.68 -2.38 -2.89 -2.16
0.79 -1.67 -3.01 0.42 2.25 -1.64
-2.50 -3.14 -1.46 2.93 -0.95 0.25
-0.79 -2.26 0.11 2.21 -1.33 2.84
-1.96 0.34 0.11 -0.62 1.12 -0.44
-2.78 -1.46 1.20 -2.36 -3.05 1.70
-3.09 2.99 -2.32 -1.77 0.58 -1.65
2.87 -2.24 0.67 -0.87 -1.25 -1.29
-1.50 0.55 -2.24 1.72 -2.12 -3.04
-2.05 0.58 2.52 -0.83 0.10 1.03
1.79 -2.08 -1.06 0.19 -1.55 2.54
-2.07 -0.51 -1.73 -1.46 2.58 -0.94
0.87 0.02 2.00 -3.09 -2.17 -2.64
-0.07 1.79 2.36 0.76 -1.40 2.75
1.16 -1.79 -2.12 0.81 1.69 0.44
0.38 -1.96 2.58 -1.67 -0.74 1.32
-2.73 3.06 1.42 -0.78 -1.86 -2.41
3.04 -0.25 -0.21 1.77 0.16 1.71
2.53 -2.49 1.18 -2.06 -2.54 -0.68
0.89 1.45 -0.76 -0.51 0.06 -1.48
-0.51 -0.13 0.31 -0.40 0.72 1.60
1.00 -0.76 1.45 0.55 1.89 -2.81
1.92 -0.90 -2.40 -2.32 2.18 -1.26
-2.52 2.78 3.01 1.76 -0.82 -2.47
0.35 2.58 1.61 -2.44 -0.21 2.14
-2.51 -0.96 2.94 -1.53 2.12 -2.32
-2.49 1.07 -0.54 0.24 -1.71 1.27
0.44 0.38 -2.48 2.26 2.66 -1.04
0.42 -1.18 1.88 0.26 0.12 -2.78
-0.84 2.82 2.89 -2.77 -0.12 0.28
0.14 2.26 1.71 2.26 1.37 -2.75
-1.99 2.90 1.00 -1.69 2.32 -0.97
-1.74 -1.16 0.55 2.09 1.93 2.67
-0.97 -1.92 2.25 -1.26 -2.98 1.28
-0.48 1.69 -0.98 -2.55 2.36 1.88
-1.78 -0.60 0.18 -1.15 -1.40 2.38
-0.83 2.54 0.41 2.28 -0.08 -2.92
3.09 -2.70 1.35 -0.11 -0.54 -1.21
-0.18 0.51 2.65 1.19 -1.56 1.80
0.91 0.96 2.82 -1.13 -1.40 -1.52
1.88 -1.68 2.69 -0.09 -2.91 -2.37
1.94 -1.11 -2.41 -1.78 1.60 2.36
1.34 -1.29 0.60 -3.14 -0.55 -1.15
-1.76 -1.31 1.74 2.49 0.71 0.09
0.68 0.22 -1.37 -1.58 -2.01 -2.98
0.40 2.39 -0.68 0.15 0.65 2.38
0.93 2.56 -0.37 -1.61 -0.47 -1.92
1.07 2.12 1.01 -1.28 -3.13 2.25
1.70 2.37 1.63 0.71 2.72 1.19
1.36 3.00 1.72 1.82 -2.98 -0.90
-0.98 2.79 1.41 2.62 1.95 0.90
0.25 -2.60 -1.15 -2.42 -2.24 -2.03
0.73 -0.48 -0.32 1.41 -1.42 2.05
1.03 1.03 2.03 -1.14 1.05 0.06
-0.70 -0.67 0.74 -0.14 -0.87 1.23
-2.22 0.67 1.44 -0.44 -1.66 -0.65
-0.88 1.98 -0.10 0.44 -0.21 2.96
1.76 -2.11 1.29 0.91 0.22 -1.68
-0.93 -1.14 1.29 1.37 0.42 -0.73
1.92 2.34 -0.94 -0.50 0.33 1.95
-2.64 2.01 -0.65 -1.06 -2.07 -2.16
0.33 -0.48 -2.54 2.14 -0.51 -2.85
-0.31 -2.13 3.12 2.81 -0.75 -2.73
2.77 -3.05 0.53 -1.69 -1.21 0.65
-1.16 0.42 1.11 2.05 -1.45 -2.13
0.03 -0.83 0.09 -2.43 1.39 -1.65
1.97 -2.94 1.67 -0.87 -2.61 1.91
2.10 -0.50 -1.50 1.50 -1.58 2.30
-1.60 -2.64 -0.32 -3.03 -2.50 -0.18
2.78 -1.32 1.23 3.11 -1.67 0.00
0.66 -1.51 -1.20 -2.38 1.10 -2.92
1.49 1.97 -2.18 1.82 -0.32 -1.14
-1.08 2.19 1.46 -2.85 2.41 1.53
-2.82 -0.71 -2.71 -1.69 2.97 0.76
0.46 -2.25 -1.88 2.51 1.53 -1.31
-0.07 2.58 -2.32 -1.32 2.29 -0.00
-1.61 -1.74 1.71 0.52 -1.84 2.78
-2.41 -0.01 -0.92 -0.70 -0.72 -2.47
1.16 -0.75 0.02 -1.38 0.65 -0.54
0.52 0.80 2.13 -2.39 -0.50 -0.89
-1.50 2.64 0.74 1.83 -0.24 -2.21
0.15 1.50 -0.91 2.93 -0.27 1.25
0.14 1.08 2.24 0.75 -2.85 1.47
-3.08 1.56 1.43 -2.84 -2.46 2.77
1.76 0.67 -0.83 -0.57 -0.01 1.05
1.59 -2.91 -2.77 0.86 2.19 0.41
0.05 -2.93 0.72 0.70 -2.49 -2.32
-2.07 0.78 2.17 -1.19 0.36 2.60
0.76 2.18 0.31 -0.60 0.46 -1.15
-0.08 -0.34 -0.57 -1.98 -0.56 1.19
0.67 -0.19 2.01 2.92 -0.57 1.37
-2.86 0.61 -1.73 -1.56 1.74 2.06
-0.47 -2.11 -0.12 1.56 2.90 0.11
-1.66 0.90 1.29 1.03 0.60 -0.07
-1.39 0.11 -1.02 -0.46 3.04 1.79
-1.68 -2.86 -1.24 -0.90 2.63 -0.12
2.54 2.89 -0.37 2.67 0.16 -2.42
2.76 -2.65 -3.13 -0.92 0.24 -1.76
-0.79 -0.56 0.02 -1.50 -3.05 1.94
-1.11 2.36 1.82 2.69 0.24 0.09
-1.13 2.99 -1.49 -0.04 0.90 -0.15
-1.12 0.19 2.06 0.04 -2.71 -2.65
-2.46 2.92 1.83 0.87 -2.60 -2.58
1.70 -1.74 0.61 -1.65 1.52 0.19
2.13 -2.32 0.78 -1.79 -1.83 -1.20
0.00 0.65 2.72 2.03 0.06 2.80
1.94 1.87 0.65 2.15 2.22 2.82
-1.16 2.22 2.65 -2.78 -1.09 -0.62
0.74 1.08 1.59 1.84 1.10 -0.05
-2.11 -0.46 -2.05 2.30 1.67 2.84
-0.72 -0.90 -1.02 -2.50 1.22 3.05
-2.96 1.29 -0.36 -1.63 0.70 2.88
-0.39 0.19 3.02 0.26 -0.17 2.84
1.46 -0.66 2.15 -2.34 -1.23 0.12
-0.84 -0.92 -0.32 1.76 -2.24 -1.66
1.88 -3.08 -1.44 -1.33 -0.95 2.80
-1.94 0.15 2.59 -1.57 2.20 1.87
0.74 -2.51 2.87 -2.81 0.33 -2.19
-1.81 1.68 3.11 2.88 1.43 -1.15
-2.01 -1.64 -2.76 1.22 2.32 -1.66
-1.13 2.36 3.10 0.88 -0.88 -1.41
1.17 0.28 2.16 -1.97 2.75 -0.81
-1.93 -0.98 2.69 0.06 -0.54 1.43
-0.02 0.11 -2.41 -0.38 -0.34 2.16
-2.15 2.16 1.18 -1.87 -2.19 1.76
-0.06 2.50 -1.64 -3.12 -2.80 -1.82
0.09 -0.87 -3.10 3.11 -2.59 -2.93
-2.74 -0.02 -2.76 -0.43 -0.68 -2.06
-2.43 1.72 -2.18 -2.18 2.66 -0.41
2.62 -1.37 2.30 -1.22 -1.63 1.10
0.69 2.04 -2.25 -1.73 -0.92 2.21
-0.85 -1.08 2.75 -2.29 1.02 1.74
1.36 1.29 1.14 0.66 2.84 3.00
-1.39 0.85 -2.01 -0.10 0.06 -2.30
-0.05 2.93 1.38 2.06 -1.85 -0.81
0.26 0.71 0.34 -2.50 1.55 -1.24
-2.25 2.31 1.81 0.43 -0.24 -1.97
0.24 0.74 -0.19 0.18 -3.13 -2.74