-0.57 -2.12 -0.17 1.36 -0.97 -2.45 -0.43 -2.42 0.33 2.35 -0.72 -2.38
-0.12 -1.22 -1.33 1.94 -1.82 0.23 -0.23 -1.50 -1.04 1.61 -0.71 0.59
-0.94 -2.84 0.83 1.08 -0.00 -1.18 -0.65 -2.05 0.92 1.33 0.07 -0.82
0.65 0.84 1.88 1.69 1.18 0.21 0.42 0.44 0.81 1.66 0.42 0.69
-0.44 -0.77 0.95 -1.97 -0.79 -0.94 0.12 -0.83 1.20 -2.25 -0.70 -0.86
0.12 -0.97 -1.06 0.03 -2.18 -2.96 -0.55 -1.53 -0.27 0.01 -1.57 -3.08
0.12 -0.97 -1.06 0.03 -2.18 -2.96 0.15 -1.24 -1.63 -0.77 -1.60 -2.61
0.12 -0.97 -1.06 0.03 -2.18 -2.96 0.38 -0.86 -1.46 -0.04 -2.64 -2.95
0.56 0.08 -0.29 1.56 -0.31 1.14 0.12 -0.14 0.06 1.09 0.14 2.15
0.56 0.08 -0.29 1.56 -0.31 1.14 0.72 0.53 0.41 2.29 -0.58 1.45
0.56 0.08 -0.29 1.56 -0.31 1.14 0.32 0.43 -0.51 1.76 0.31 0.71
0.56 0.08 -0.29 1.56 -0.31 1.14 0.42 0.44 0.81 1.66 0.42 0.69
0.99 1.00 -1.41 -2.82 2.99 -1.05 1.17 0.90 -1.10 -2.23 2.94 0.04
-0.42 -1.81 -1.00 2.02 1.29 1.12 -1.48 -1.80 -0.65 1.20 1.07 1.30
0.51 0.70 -0.56 -0.04 2.27 -1.68 0.38 0.15 0.51 0.55 1.85 -1.81
-2.55 1.43 0.84 -0.33 -1.11 0.83 -2.76 1.39 0.19 0.41 -0.58 1.67
-1.46 -2.81 0.77 1.87 -1.22 -2.58 -0.43 -2.42 0.33 2.35 -0.72 -2.38
-1.18 0.95 0.70 3.00 -2.10 0.77 -1.92 1.02 0.20 2.60 -2.73 1.28
0.22 -0.55 1.39 -2.23 -0.41 0.44 0.12 -0.83 1.20 -2.25 -0.70 -0.86
-1.86 0.39 -0.03 2.05 0.20 -2.87 -1.05 1.00 -0.86 2.55 0.40 -2.76
-2.59 -2.73 -1.82 -2.23 -1.22 3.01 -1.55 -2.88 -1.86 -2.31 -1.49 2.74
0.49 0.04 1.57 0.89 0.45 -2.75 0.42 -1.18 1.88 0.26 0.12 -2.78
0.99 -0.09 0.42 -2.99 2.02 -1.73 0.53 -0.16 -0.79 -2.81 1.39 -1.83
0.99 -0.09 0.42 -2.99 2.02 -1.73 0.99 -0.61 0.29 -2.34 1.93 -2.52
0.99 -0.09 0.42 -2.99 2.02 -1.73 0.26 0.71 0.34 -2.50 1.55 -1.24
-2.04 -1.74 -0.04 -2.26 1.07 1.71 -1.94 -2.68 -0.47 -2.26 0.73 1.99
-1.09 -0.75 -0.17 -1.06 -0.78 -0.68 -0.79 -0.35 -0.30 -0.60 -0.66 -0.97
-3.01 0.98 0.90 0.71 2.22 -1.94 -2.91 1.10 1.37 -0.00 2.35 -0.80
-3.01 0.98 0.90 0.71 2.22 -1.94 -2.36 1.63 1.19 0.46 3.01 -2.42
-0.79 -0.35 -0.30 -0.60 -0.66 -0.97 -0.28 -0.35 -0.47 -1.18 0.04 -0.76
1.07 -0.94 -1.55 -0.51 -2.40 0.58 0.26 -1.58 -1.74 -1.15 -1.68 0.30
1.07 -0.94 -1.55 -0.51 -2.40 0.58 0.99 -0.79 -1.54 -1.11 -2.87 1.66
-0.48 2.01 -0.42 -1.15 -1.95 -0.32 -0.04 2.75 -0.03 -2.14 -1.84 -0.61
0.06 0.11 0.13 -2.63 1.33 -2.99 -0.66 -0.51 0.83 -2.82 0.73 -2.63
0.06 0.11 0.13 -2.63 1.33 -2.99 0.99 -0.61 0.29 -2.34 1.93 -2.52
0.43 -2.33 -1.19 1.29 0.77 -1.25 -0.51 -2.69 -0.46 0.88 0.62 -1.13
0.43 -2.33 -1.19 1.29 0.77 -1.25 0.79 -2.17 -1.76 1.20 0.55 -0.68
2.37 -0.82 1.87 0.19 -2.43 -1.42 2.92 -0.72 1.73 0.55 -1.73 -2.26
2.37 -0.82 1.87 0.19 -2.43 -1.42 2.14 -0.56 2.10 -0.31 -1.17 -1.59
2.82 -2.38 -0.40 -2.23 2.73 2.67 3.01 -2.30 0.60 -2.08 2.36 2.72
-2.02 1.33 0.81 1.81 -2.52 2.41 -1.14 0.62 0.94 1.90 -2.83 2.97
-1.24 2.33 -0.47 1.10 -1.63 -1.61 -1.73 2.76 -1.09 1.09 -1.52 -1.13
-1.24 2.33 -0.47 1.10 -1.63 -1.61 -1.81 2.91 0.46 1.60 -1.91 -1.44
0.88 0.42 -1.33 -0.32 -0.07 -1.54 0.89 1.45 -0.76 -0.51 0.06 -1.48
1.05 -2.37 2.26 -2.36 -2.79 -1.74 0.56 -2.45 2.94 -2.29 -2.12 -2.56
2.93 1.27 0.74 -0.61 -1.34 -0.67 2.73 1.27 0.15 -0.73 -0.45 -1.08
2.71 -0.19 2.24 -1.70 1.99 1.03 2.27 -0.02 1.47 -1.15 0.94 1.07
-2.54 -2.47 0.96 -0.60 1.87 -1.44 -2.66 -2.43 0.35 -0.90 1.99 -0.40
-1.90 -1.95 -2.19 -0.18 2.57 0.13 -1.81 -2.32 -2.92 -0.31 1.92 0.28
-1.90 -1.95 -2.19 -0.18 2.57 0.13 -2.41 -1.64 -2.32 -0.98 2.82 1.19
-0.45 -1.93 -2.01 -0.05 1.94 2.85 -0.44 -2.17 -2.55 -0.11 2.25 2.49
-1.51 -1.94 1.42 -2.46 0.17 -2.44 -2.30 -2.99 1.71 -2.76 -0.17 -2.41
1.49 -0.14 -1.08 -1.16 -1.17 -0.66 2.20 -0.64 -2.07 -0.49 -1.30 -0.82
-0.43 -1.63 1.30 1.86 -0.86 0.43 -0.10 -2.07 0.65 1.75 -1.01 -0.29
-0.43 -1.63 1.30 1.86 -0.86 0.43 0.09 -2.44 1.38 2.66 -1.55 0.00
0.84 -2.38 -0.91 2.29 -0.69 2.68 0.15 -3.03 -0.96 1.81 -1.06 1.82
-1.14 -2.89 1.79 -3.08 -0.59 2.09 -1.55 -2.63 1.88 -2.75 -1.65 1.58
-1.07 2.48 -0.55 -2.35 -2.44 -2.80 -1.20 2.43 0.01 -1.36 -1.84 -2.48
1.22 0.07 2.91 0.09 -2.04 -2.74 1.25 -0.08 2.65 -0.18 -2.10 -2.73
0.53 -0.16 -0.79 -2.81 1.39 -1.83 0.03 -0.83 0.09 -2.43 1.39 -1.65
0.53 -0.16 -0.79 -2.81 1.39 -1.83 0.54 0.08 -0.95 -1.91 1.14 -1.87
-0.16 2.17 -1.75 1.54 1.85 -0.00 -0.61 2.22 -0.88 1.33 1.19 0.21
-2.28 1.20 0.41 1.73 -0.75 -1.24 -1.09 1.22 0.04 1.48 -0.30 -1.52
0.41 0.22 -0.96 2.92 -2.40 2.94 0.83 1.19 -0.92 3.08 -2.16 2.09
0.38 -0.86 -1.46 -0.04 -2.64 -2.95 0.15 -1.24 -1.63 -0.77 -1.60 -2.61
0.38 -0.86 -1.46 -0.04 -2.64 -2.95 0.49 -1.18 -2.12 -0.13 -2.85 -1.87
0.09 -2.97 -0.72 1.80 0.71 -0.67 -0.51 -2.69 -0.46 0.88 0.62 -1.13
-0.31 -0.28 -0.37 -1.31 1.26 1.26 -1.00 -0.61 -0.80 -1.33 1.58 0.85
-0.31 -0.28 -0.37 -1.31 1.26 1.26 -0.51 -0.13 0.31 -0.40 0.72 1.60
-1.05 -2.64 1.12 -3.07 -1.44 -2.21 -0.15 -2.16 0.75 -3.08 -0.92 -1.54
0.73 -0.58 1.18 1.72 -1.15 -2.31 -0.39 -0.26 1.29 1.00 -1.01 -2.13
0.73 -0.58 1.18 1.72 -1.15 -2.31 0.78 0.56 0.48 2.22 -0.82 -2.49
1.43 0.17 -2.14 -3.02 2.07 -0.91 2.19 0.25 -2.23 -2.82 2.62 -0.76
-1.45 -2.90 1.37 2.60 0.23 -1.31 -2.63 -2.34 0.81 2.35 0.09 -1.11
0.15 -2.17 -2.12 -0.84 2.06 -1.87 -0.22 -1.95 -1.84 -0.86 1.11 -2.82
0.15 -2.17 -2.12 -0.84 2.06 -1.87 0.28 -2.33 -1.80 -0.64 2.41 -0.66
-0.38 -1.20 0.12 0.43 0.68 -0.04 -0.44 -0.77 -1.03 0.02 1.34 -0.04
-0.38 -1.20 0.12 0.43 0.68 -0.04 -0.31 -0.68 0.40 1.09 -0.19 0.51
0.21 -0.21 0.05 3.11 0.05 -0.91 -0.34 0.24 1.07 2.79 0.48 -1.46
-0.10 0.01 0.59 0.31 1.74 2.72 1.11 -0.07 0.01 0.03 1.60 2.18
-0.10 0.01 0.59 0.31 1.74 2.72 0.19 0.06 -0.62 0.04 2.10 2.42
-0.10 0.01 0.59 0.31 1.74 2.72 0.21 0.16 -0.14 0.18 2.70 2.05
2.77 -0.11 1.02 -0.30 1.29 2.49 2.96 -0.81 0.92 -1.35 1.01 2.89
2.77 -0.11 1.02 -0.30 1.29 2.49 2.54 -1.17 0.96 -0.16 0.67 3.04
-2.10 -1.94 -1.23 1.89 -0.98 -2.53 -3.09 -2.20 -1.48 2.47 -0.63 -2.85
-2.10 -1.94 -1.23 1.89 -0.98 -2.53 -3.00 -2.41 -1.87 1.66 -1.84 -2.41
3.06 0.47 2.21 1.75 1.40 -1.09 2.94 0.75 2.27 1.95 1.84 -1.44
0.08 0.06 -0.69 -2.14 -2.12 0.53 0.33 0.65 -1.03 -1.21 -2.98 0.87
-1.14 -1.93 -1.40 -1.79 1.28 -2.38 -0.22 -1.95 -1.84 -0.86 1.11 -2.82
-1.14 -1.93 -1.40 -1.79 1.28 -2.38 -0.74 -1.42 -2.36 -1.84 0.65 -2.77
-0.74 -2.48 1.75 -1.94 2.82 3.04 -1.12 -2.95 2.30 -1.98 2.36 2.49
0.08 -2.98 0.89 -0.77 0.69 0.06 -0.23 -2.90 0.85 -1.59 0.52 -0.96
0.08 -2.98 0.89 -0.77 0.69 0.06 0.79 -2.31 0.31 -0.94 0.45 0.21
0.33 0.60 1.21 0.66 1.46 0.92 1.17 0.69 1.42 0.62 1.21 1.19
0.97 0.13 -0.52 1.53 -1.68 -1.04 1.07 1.21 -0.56 1.57 -1.73 -1.83
0.22 -0.64 0.09 -2.92 -2.36 -0.96 -0.16 -0.79 0.30 -2.42 -3.14 -1.57
-0.68 -2.90 1.29 -1.91 2.89 0.09 -1.44 -2.66 1.29 -2.29 2.47 1.06
-0.10 -0.34 -0.20 2.18 -1.72 -1.95 -0.84 -0.92 -0.32 1.76 -2.24 -1.66
-0.53 2.75 -0.53 0.44 2.42 1.65 -0.37 2.06 0.00 0.21 1.51 1.60
-2.63 -2.34 -1.58 -0.10 0.54 0.22 -2.05 -2.73 -1.83 -1.03 0.09 0.02
0.42 0.44 0.81 1.66 0.42 0.69 0.45 -0.39 1.10 1.65 -0.31 1.51
0.42 0.44 0.81 1.66 0.42 0.69 0.48 0.58 1.42 1.35 -0.64 0.05
0.42 0.44 0.81 1.66 0.42 0.69 1.07 0.50 0.94 1.27 -0.55 0.22
0.42 0.44 0.81 1.66 0.42 0.69 0.72 0.53 0.41 2.29 -0.58 1.45
0.42 0.44 0.81 1.66 0.42 0.69 1.17 1.05 0.61 2.09 1.11 0.97
-0.66 -2.21 0.42 0.99 0.94 1.00 -1.48 -1.80 -0.65 1.20 1.07 1.30
0.85 -1.37 -0.91 2.29 -2.38 1.88 0.63 -0.52 -0.37 2.65 -2.39 1.55
0.24 -0.46 -2.74 2.78 -0.19 -2.18 -0.34 -1.27 -1.99 2.19 -0.50 -2.64
0.24 -0.46 -2.74 2.78 -0.19 -2.18 0.33 -0.48 -2.54 2.14 -0.51 -2.85
-0.09 -1.20 1.70 -1.69 -2.18 2.28 0.02 -1.54 2.19 -2.21 -2.40 1.19
-2.42 -2.56 -0.32 -2.35 -0.35 1.97 -2.35 -3.10 -0.23 -2.82 0.07 2.11
-2.42 -2.56 -0.32 -2.35 -0.35 1.97 -1.94 -2.68 -0.47 -2.26 0.73 1.99
-2.42 -2.56 -0.32 -2.35 -0.35 1.97 -2.35 -2.10 0.12 -1.52 -0.67 1.12
-2.42 -2.56 -0.32 -2.35 -0.35 1.97 -2.03 -1.78 0.44 -2.61 -0.64 2.33
2.71 -0.31 -1.04 -1.58 1.19 1.79 2.65 -0.52 -1.27 -2.84 1.88 1.74
2.71 -0.31 -1.04 -1.58 1.19 1.79 2.68 0.32 -1.63 -2.01 0.70 1.23
2.18 0.64 1.97 1.43 1.23 -0.71 2.15 0.70 2.30 0.70 0.66 -0.70
2.18 0.64 1.97 1.43 1.23 -0.71 2.94 0.75 2.27 1.95 1.84 -1.44
-1.29 -2.20 -1.46 -0.34 2.18 0.06 -1.68 -2.86 -1.24 -0.90 2.63 -0.12
-1.29 -2.20 -1.46 -0.34 2.18 0.06 0.14 -1.93 -1.49 -0.54 2.13 -0.03
1.51 -0.09 -2.14 0.14 1.58 1.45 1.57 -0.48 -1.22 0.18 2.25 0.60
0.63 -0.52 -0.37 2.65 -2.39 1.55 0.79 0.65 0.14 2.61 -2.48 0.91
3.03 1.33 1.30 -2.01 2.75 1.50 2.59 1.72 1.34 -1.35 3.10 1.50
3.00 -1.05 2.49 1.14 -0.97 -1.06 2.74 -0.56 2.01 1.37 0.06 -1.76
-2.34 -1.95 -2.21 -2.74 -2.43 1.04 -1.73 -2.05 -2.38 -2.94 -2.66 -0.27
1.72 -1.65 1.04 -0.26 -3.07 2.59 1.28 -0.51 0.80 -0.04 -2.80 2.17
3.07 -2.63 0.24 0.62 -1.78 1.56 3.08 -3.13 -0.78 1.04 -1.91 1.49
-1.16 -3.02 -0.07 -0.09 0.23 1.41 -1.76 -2.19 0.26 0.10 -0.29 0.58
-1.80 -1.70 -2.52 2.11 -0.28 1.01 -2.03 -1.95 -2.00 2.84 -0.84 0.64
-1.80 -1.70 -2.52 2.11 -0.28 1.01 -1.67 -1.64 -1.83 2.79 -0.42 2.05
-1.80 -1.70 -2.52 2.11 -0.28 1.01 -1.13 -2.24 -2.11 2.51 0.36 1.37
-0.81 -0.84 2.25 -0.52 0.77 -1.79 -0.11 -1.29 2.52 -0.60 0.33 -1.08
1.11 -0.07 0.01 0.03 1.60 2.18 0.19 0.06 -0.62 0.04 2.10 2.42
1.11 -0.07 0.01 0.03 1.60 2.18 0.21 0.16 -0.14 0.18 2.70 2.05
-0.44 -3.05 2.79 -0.52 2.98 2.69 0.21 -2.53 2.45 -1.25 2.08 2.51
-0.97 -2.76 2.42 2.63 0.94 2.10 -1.68 -2.50 1.97 2.32 0.18 1.68
-0.36 -1.48 -1.35 -1.85 -3.11 0.64 -0.55 -2.36 -0.83 -1.90 -3.14 -0.20
-0.36 -1.48 -1.35 -1.85 -3.11 0.64 -0.45 -1.67 -0.45 -1.31 -2.76 1.52
0.90 1.15 -0.95 2.27 -0.43 -0.00 0.67 0.99 -0.22 1.95 -0.96 -1.03
-0.75 -2.66 -0.41 1.16 -2.55 -2.53 0.13 -2.55 -0.82 1.47 -2.88 -1.88
-0.75 -2.66 -0.41 1.16 -2.55 -2.53 0.05 -2.93 0.72 0.70 -2.49 -2.32
1.46 0.06 0.69 -0.02 -2.82 -0.90 1.59 -0.80 0.57 -0.20 -2.44 0.21
1.46 0.06 0.69 -0.02 -2.82 -0.90 0.90 0.07 0.22 -0.32 -2.01 -0.72
1.18 -0.40 -1.47 1.77 -0.16 2.73 1.15 -0.96 -1.24 2.64 0.56 2.47
-1.10 2.99 2.00 -0.49 2.84 2.78 -0.06 3.08 1.82 -1.23 2.98 2.89
-0.49 0.47 0.21 -1.63 -2.00 -1.75 -0.48 -0.21 0.80 -0.92 -1.32 -2.18
-2.82 -1.63 0.34 -2.01 -3.14 1.97 -2.78 -1.46 1.20 -2.36 -3.05 1.70
-0.74 -1.42 -2.36 -1.84 0.65 -2.77 -0.22 -1.95 -1.84 -0.86 1.11 -2.82
-1.13 -2.24 -2.11 2.51 0.36 1.37 -1.67 -1.64 -1.83 2.79 -0.42 2.05
-1.20 3.09 2.25 -1.20 -2.32 -1.69 -1.65 2.67 2.79 -1.67 -1.82 -1.08
-1.67 -1.64 -1.83 2.79 -0.42 2.05 -1.24 -1.60 -1.36 2.64 -0.63 2.49
-0.33 -1.69 -1.05 -2.24 2.06 -0.36 -0.66 -0.82 -0.92 -1.91 1.45 -0.94
-0.33 -1.69 -1.05 -2.24 2.06 -0.36 0.42 -1.11 -1.76 -1.79 2.16 -1.12
-2.10 -2.17 -1.98 -0.55 -2.58 1.99 -1.74 -2.04 -2.52 0.38 -3.03 1.68
3.06 -2.30 0.18 -0.46 -1.24 -1.23 2.87 -2.24 0.67 -0.87 -1.25 -1.29
3.06 -2.30 0.18 -0.46 -1.24 -1.23 3.09 -2.70 1.35 -0.11 -0.54 -1.21
0.52 -2.67 0.37 -2.54 -1.93 -0.58 -0.18 -2.10 0.31 -1.76 -1.65 -1.23
-0.74 0.19 -0.85 -1.96 0.18 2.14 -0.08 -0.34 -0.57 -1.98 -0.56 1.19
1.05 0.18 1.16 -2.20 -3.03 -2.60 0.74 0.84 1.18 -1.77 -2.82 -2.82
0.34 1.03 -0.13 -0.11 -2.82 -2.92 0.24 0.74 -0.19 0.18 -3.13 -2.74
-0.27 -2.71 2.09 -0.31 -1.44 0.55 -0.78 -2.96 2.09 -0.49 -1.00 0.78
-1.40 1.34 -2.46 1.04 0.06 1.15 -1.68 1.36 -1.72 1.13 0.32 0.88
-0.34 -1.27 -1.99 2.19 -0.50 -2.64 0.33 -0.48 -2.54 2.14 -0.51 -2.85
-1.94 -2.68 -0.47 -2.26 0.73 1.99 -1.49 -2.06 -0.42 -1.47 0.98 2.56
-1.94 -2.68 -0.47 -2.26 0.73 1.99 -2.35 -3.10 -0.23 -2.82 0.07 2.11
-1.94 -2.68 -0.47 -2.26 0.73 1.99 -1.20 -2.48 -0.67 -2.96 0.39 2.80
-1.76 -2.19 0.26 0.10 -0.29 0.58 -1.07 -2.46 -0.59 0.21 -1.16 0.61
-1.76 -2.19 0.26 0.10 -0.29 0.58 -2.51 -2.83 -0.37 0.24 -1.00 0.70
2.86 -0.54 -1.43 2.34 -0.73 -1.87 1.99 -0.68 -0.92 2.14 -0.12 -1.54
2.86 -0.54 -1.43 2.34 -0.73 -1.87 2.89 -0.18 -1.03 1.76 -0.28 -1.05
0.45 -1.14 0.89 -1.42 0.44 -0.08 1.16 -0.75 0.02 -1.38 0.65 -0.54
-0.25 2.31 2.40 -0.48 1.84 -0.29 -0.80 2.67 2.58 -0.23 1.84 -0.22
-0.40 2.75 0.19 3.09 0.07 -1.82 -0.83 2.54 0.41 2.28 -0.08 -2.92
2.07 -0.90 2.20 -1.38 -1.56 0.69 2.47 -1.36 1.88 -1.15 -1.51 1.24
-1.71 0.93 1.10 -0.68 -0.38 0.13 -0.59 1.06 0.94 -0.06 -0.94 0.48
1.62 -0.08 1.51 -2.84 -1.22 -0.58 1.73 -0.24 1.63 -2.13 -2.13 -0.87
1.62 -0.08 1.51 -2.84 -1.22 -0.58 1.83 -0.82 1.31 -2.63 -1.68 -0.58
0.10 -0.77 -2.98 0.08 1.04 -2.79 0.56 -1.05 -2.76 -0.33 0.79 -1.67
2.74 -0.56 2.01 1.37 0.06 -1.76 2.71 -0.14 1.53 1.69 -0.37 -1.45
2.74 -0.56 2.01 1.37 0.06 -1.76 2.35 -0.48 1.96 0.32 0.12 -2.69
2.74 -0.56 2.01 1.37 0.06 -1.76 2.68 -0.51 1.85 1.70 0.89 -1.08
-0.52 -2.57 1.90 1.88 -1.70 -2.16 -0.67 -1.78 1.48 2.83 -1.83 -2.48
-0.52 -2.57 1.90 1.88 -1.70 -2.16 0.23 -1.69 2.17 2.11 -1.30 -2.25
0.45 -0.39 1.10 1.65 -0.31 1.51 0.12 -0.14 0.06 1.09 0.14 2.15
0.45 -0.39 1.10 1.65 -0.31 1.51 0.72 0.53 0.41 2.29 -0.58 1.45
1.03 -0.45 -1.15 2.26 -0.67 2.84 1.15 -0.96 -1.24 2.64 0.56 2.47
2.79 -0.80 -0.83 -0.02 -1.77 1.76 2.83 -0.70 -0.59 -1.01 -1.17 1.67
-2.20 -2.71 -0.55 1.17 0.42 -2.80 -2.32 -2.08 -1.17 1.54 0.70 -2.65
-0.02 -2.93 0.61 0.27 2.39 1.62 0.20 -2.28 1.73 0.25 3.00 1.27
-0.02 -2.93 0.61 0.27 2.39 1.62 0.48 -2.25 0.60 1.44 2.31 1.64
-2.41 1.61 1.59 -1.61 -0.33 1.94 -2.07 0.78 2.17 -1.19 0.36 2.60
0.90 -0.26 -1.12 -1.17 -1.34 -2.38 0.38 0.43 -0.34 -1.38 -1.50 -1.57
0.90 -0.26 -1.12 -1.17 -1.34 -2.38 0.68 0.22 -1.37 -1.58 -2.01 -2.98
-1.30 -2.48 1.58 -2.14 -2.08 1.00 -0.61 -2.43 1.11 -2.37 -2.52 0.96
-1.30 -2.48 1.58 -2.14 -2.08 1.00 -1.55 -2.63 1.88 -2.75 -1.65 1.58
-0.55 -1.53 -0.27 0.01 -1.57 -3.08 -1.02 -1.56 0.49 -0.36 -1.35 -2.98
1.73 -0.32 -1.56 -1.75 0.62 1.03 1.87 0.54 -1.79 -1.63 -0.16 0.94
1.51 -0.80 -1.22 1.54 -1.43 2.07 2.10 -0.50 -1.50 1.50 -1.58 2.30
-0.49 -2.61 -2.85 2.21 -0.13 3.02 0.32 -2.09 -2.96 1.70 -0.14 2.52
-3.03 -0.53 1.08 -0.38 2.27 -0.23 -2.46 -0.75 0.66 -0.99 2.72 -0.88
-0.61 -1.10 -0.48 2.38 0.73 -1.04 -0.63 -1.01 -1.12 2.33 0.68 -2.14
-2.02 -1.80 -0.19 -2.02 1.38 -1.11 -2.61 -2.71 -0.28 -2.49 1.39 -0.86
2.78 0.97 -1.11 -0.04 1.08 -1.43 2.88 0.38 -1.05 -0.52 0.98 -2.27
0.47 -1.42 -1.96 -2.63 2.45 -1.05 0.42 -1.11 -1.76 -1.79 2.16 -1.12
-0.63 2.00 0.23 -2.66 -0.10 0.51 -0.19 2.52 -1.02 -2.80 -0.01 0.47
0.30 0.60 -2.71 -1.16 -2.23 -1.72 0.48 -0.34 -2.92 -1.51 -3.00 -1.22
1.07 0.50 0.94 1.27 -0.55 0.22 0.48 0.58 1.42 1.35 -0.64 0.05
0.21 0.16 -0.14 0.18 2.70 2.05 0.58 0.52 -0.71 -0.51 2.69 2.17
0.21 0.16 -0.14 0.18 2.70 2.05 0.19 0.06 -0.62 0.04 2.10 2.42
0.32 -2.09 -2.96 1.70 -0.14 2.52 0.37 -1.86 -2.37 0.51 -0.07 1.91
0.62 -2.84 -0.56 0.13 -1.42 -1.04 0.51 -3.09 -1.58 0.00 -1.14 -1.23
0.28 -2.33 -1.80 -0.64 2.41 -0.66 0.12 -1.96 -2.32 -1.32 2.97 -0.38
0.28 -2.33 -1.80 -0.64 2.41 -0.66 0.14 -1.93 -1.49 -0.54 2.13 -0.03
-0.79 2.19 0.92 2.07 1.64 -1.17 -0.61 2.59 -0.26 2.17 1.62 -1.01
-0.89 2.33 2.83 1.95 -0.77 -3.00 -1.16 2.37 3.05 1.31 -0.46 -1.91
-0.10 -2.07 0.65 1.75 -1.01 -0.29 0.09 -2.44 1.38 2.66 -1.55 0.00
-0.11 -0.59 -1.16 -1.73 1.24 2.59 -0.29 -1.19 -0.54 -0.66 1.31 2.47
-0.45 0.03 1.37 0.39 -0.94 0.22 0.48 0.58 1.42 1.35 -0.64 0.05
-2.30 -2.20 -2.54 1.93 1.33 -1.58 -2.01 -1.64 -2.76 1.22 2.32 -1.66
1.25 -0.08 2.65 -0.18 -2.10 -2.73 1.75 -0.11 2.07 -0.18 -1.99 -2.43
-1.32 1.19 -1.99 -0.57 1.17 -1.37 -1.28 1.35 -1.82 0.09 0.57 -2.16
2.49 -1.03 1.13 -1.99 0.01 2.96 2.96 -0.81 0.92 -1.35 1.01 2.89
0.53 -1.21 1.91 -1.86 -2.25 2.58 0.30 -2.37 1.75 -1.78 -2.55 3.08
1.83 -0.82 1.31 -2.63 -1.68 -0.58 1.73 -0.24 1.63 -2.13 -2.13 -0.87
0.44 -2.08 -1.30 -0.86 2.76 1.97 0.38 -2.65 -0.73 -0.02 3.11 1.76
-0.51 -2.59 2.48 -2.12 -2.22 -2.50 0.56 -2.45 2.94 -2.29 -2.12 -2.56
0.99 -0.61 0.29 -2.34 1.93 -2.52 0.03 -0.83 0.09 -2.43 1.39 -1.65
-0.15 -0.97 2.26 0.84 0.96 -1.57 -0.04 -1.71 2.09 1.39 0.52 -2.13
0.70 -2.11 2.04 0.01 -0.64 -2.35 0.78 -1.71 2.65 0.45 -0.70 -2.09
0.24 3.10 0.45 1.77 1.90 -1.70 -0.61 2.59 -0.26 2.17 1.62 -1.01
-0.48 2.20 1.31 2.28 0.18 -2.22 -1.50 2.64 0.74 1.83 -0.24 -2.21
-0.48 2.20 1.31 2.28 0.18 -2.22 -0.83 2.54 0.41 2.28 -0.08 -2.92
0.12 2.87 0.76 -1.43 2.69 1.96 -0.38 3.09 0.02 -0.69 3.02 2.17
0.12 2.87 0.76 -1.43 2.69 1.96 -0.06 3.08 1.82 -1.23 2.98 2.89
0.78 0.95 -1.25 -2.40 -0.67 0.63 0.44 0.89 -1.48 -2.13 -1.08 0.63
0.79 0.24 -1.62 -1.60 -1.15 2.01 0.39 0.77 -2.11 -1.29 -1.17 2.01
2.81 -2.40 0.34 2.32 1.53 -2.60 3.11 -3.13 0.42 2.08 1.30 -2.62
-3.00 -2.42 -2.02 -2.92 -2.83 -0.72 -1.73 -2.05 -2.38 -2.94 -2.66 -0.27
1.83 0.60 0.59 0.71 2.04 1.20 1.17 0.69 1.42 0.62 1.21 1.19
-0.91 2.91 0.39 1.54 0.37 -3.09 -1.50 2.64 0.74 1.83 -0.24 -2.21
-0.91 2.91 0.39 1.54 0.37 -3.09 -0.83 2.54 0.41 2.28 -0.08 -2.92
0.13 -0.28 -0.77 -1.52 -0.36 1.56 -0.08 -0.34 -0.57 -1.98 -0.56 1.19
-1.13 2.39 1.01 2.86 0.14 -0.45 -1.17 2.81 0.73 2.79 -0.91 -1.08
-1.13 2.39 1.01 2.86 0.14 -0.45 -1.11 2.36 1.82 2.69 0.24 0.09
-0.29 -2.64 -0.24 -2.79 -1.18 -0.93 -0.18 -2.10 0.31 -1.76 -1.65 -1.23
-0.29 -2.64 -0.24 -2.79 -1.18 -0.93 -0.15 -2.16 0.75 -3.08 -0.92 -1.54
0.12 -1.96 -2.32 -1.32 2.97 -0.38 0.14 -1.93 -1.49 -0.54 2.13 -0.03
1.91 -0.80 -0.43 -1.81 -2.69 0.37 1.57 -0.87 -0.56 -0.68 -2.97 0.05
2.79 0.54 0.90 -1.58 0.88 0.11 3.10 0.78 0.37 -0.95 1.15 0.69
-1.09 2.42 -0.90 -1.12 2.92 2.42 -1.86 2.72 -0.81 -1.18 2.80 3.02
-1.09 2.42 -0.90 -1.12 2.92 2.42 -0.38 3.09 0.02 -0.69 3.02 2.17
3.11 -3.13 0.42 2.08 1.30 -2.62 2.74 -3.02 0.67 1.70 0.01 -2.70
-1.78 2.21 -0.06 -1.26 -0.82 0.43 -2.08 2.09 0.51 -1.51 0.06 -0.14
2.90 -0.79 0.23 0.09 -0.69 2.32 1.97 -0.24 0.39 0.69 -1.29 2.90
2.90 -0.79 0.23 0.09 -0.69 2.32 2.23 -0.07 0.40 -0.06 0.03 2.22
-2.01 3.07 0.66 -1.45 -1.52 -2.83 -2.73 3.06 1.42 -0.78 -1.86 -2.41
-0.43 -0.55 -1.31 1.00 -0.77 1.92 0.01 -0.80 -2.12 0.64 -0.88 1.70
1.57 -0.87 -0.56 -0.68 -2.97 0.05 1.59 -0.80 0.57 -0.20 -2.44 0.21
-0.26 -2.86 -2.99 -0.20 2.12 -0.28 0.42 -2.67 -2.83 0.44 3.08 -0.51
0.39 0.77 -2.11 -1.29 -1.17 2.01 -0.02 0.11 -2.41 -0.38 -0.34 2.16
0.02 -1.54 2.19 -2.21 -2.40 1.19 0.85 -1.11 2.71 -2.03 -2.40 0.20
0.78 -1.71 2.65 0.45 -0.70 -2.09 0.42 -1.18 1.88 0.26 0.12 -2.78
-1.15 -2.51 -0.80 2.44 -2.68 -0.87 -0.73 -2.70 -2.05 2.17 -2.49 -1.30
-0.96 -1.83 1.30 -0.43 -0.66 -2.04 -1.02 -1.56 0.49 -0.36 -1.35 -2.98
2.88 0.38 -1.05 -0.52 0.98 -2.27 2.02 0.99 -0.83 -0.40 0.41 -2.81
1.79 1.37 1.31 -2.37 -2.35 -2.46 0.93 1.93 1.95 -2.18 -2.29 -3.12
2.41 -1.06 2.11 -0.11 -2.29 -2.22 1.88 -1.68 2.69 -0.09 -2.91 -2.37
2.96 -2.47 1.48 0.55 0.46 -0.38 3.09 -2.70 1.35 -0.11 -0.54 -1.21
2.68 -0.51 1.85 1.70 0.89 -1.08 2.71 -0.14 1.53 1.69 -0.37 -1.45
2.65 -0.52 -1.27 -2.84 1.88 1.74 2.22 -0.51 -0.90 -2.16 2.51 1.45
1.44 -1.41 -2.49 -2.55 2.49 -0.67 1.92 -0.90 -2.40 -2.32 2.18 -1.26
2.68 0.32 -1.63 -2.01 0.70 1.23 1.87 0.54 -1.79 -1.63 -0.16 0.94
-1.00 -2.39 0.69 0.26 -2.85 -2.00 0.05 -2.93 0.72 0.70 -2.49 -2.32
